1 0.818 0.086 1.66 0.472 0.39 0.132 0.144 1.738 0.352 1.582 0.856 0.114 1.822 1.612 1.222 0.27 0.758 0.794 0.936 0.308 1.542 1.804 0.386 1.76 0.802 0.63 0.418 1.242 0.28 1.426 0.3 0.794 0.56 1.058 0.634 1.348 1.148 1.404 1.442 0.39 0.358 1.276 0.57 1.046 0.694 1.486 1.144 1.114 1.496 1.45 0.512 0.95 1.094 1.498 0.64 1.144 1.138 1.262 1.1 1.34 0.578 0.928 0.724 1.08 1.226 0.844 0.742 1.198 0.806 1.346 1.068 0.6 0.922 1.018 0.852 0.724 0.788 1.83467 -0.268418
0.818 1.152562 0.070348 1.35788 0.386096 0.31902 0.107976 0.117792 1.421684 0.287936 1.294076 0.700208 0.093252 1.490396 1.318616 0.999596 0.22086 0.620044 0.649492 0.765648 0.251944 1.261356 1.475672 0.315748 1.43968 0.656036 0.51534 0.341924 1.015956 0.22904 1.166468 0.2454 0.649492 0.45808 0.865444 0.518612 1.102664 0.939064 1.148472 1.179556 0.31902 0.292844 1.043768 0.46626 0.855628 0.567692 1.215548 0.935792 0.911252 1.223728 1.1861 0.418816 0.7771 0.894892 1.225364 0.52352 0.935792 0.930884 1.032316 0.8998 1.09612 0.472804 0.759104 0.592232 0.88344 1.002868 0.690392 0.606956 0.979964 0.659308 1.101028 0.873624 0.4908 0.754196 0.832724 0.696936 0.592232 0.644584 1.539918538 -0.23020156
0.086 0.070348 0.089698 0.14276 0.040592 0.03354 0.011352 0.012384 0.149468 0.030272 0.136052 0.073616 0.009804 0.156692 0.138632 0.105092 0.02322 0.065188 0.068284 0.080496 0.026488 0.132612 0.155144 0.033196 0.15136 0.068972 0.05418 0.035948 0.106812 0.02408 0.122636 0.0258 0.068284 0.04816 0.090988 0.054524 0.115928 0.098728 0.120744 0.124012 0.03354 0.030788 0.109736 0.04902 0.089956 0.059684 0.127796 0.098384 0.095804 0.128656 0.1247 0.044032 0.0817 0.094084 0.128828 0.05504 0.098384 0.097868 0.108532 0.0946 0.11524 0.049708 0.079808 0.062264 0.09288 0.105436 0.072584 0.063812 0.103028 0.069316 0.115756 0.091848 0.0516 0.079292 0.087548 0.073272 0.062264 0.067768 0.162802042 -0.023906968
1.66 1.35788 0.14276 3.0378 0.78352 0.6474 0.21912 0.23904 2.88508 0.58432 2.62612 1.42096 0.18924 3.02452 2.67592 2.02852 0.4482 1.25828 1.31804 1.55376 0.51128 2.55972 2.99464 0.64076 2.9216 1.33132 1.0458 0.69388 2.06172 0.4648 2.36716 0.498 1.31804 0.9296 1.75628 1.05244 2.23768 1.90568 2.33064 2.39372 0.6474 0.59428 2.11816 0.9462 1.73636 1.15204 2.46676 1.89904 1.84924 2.48336 2.407 0.84992 1.577 1.81604 2.48668 1.0624 1.89904 1.88908 2.09492 1.826 2.2244 0.95948 1.54048 1.20184 1.7928 2.03516 1.40104 1.23172 1.98868 1.33796 2.23436 1.77288 0.996 1.53052 1.68988 1.41432 1.20184 1.30808 3.0624842 -0.43908328
0.472 0.386096 0.040592 0.78352 0.583392 0.18408 0.062304 0.067968 0.820336 0.166144 0.746704 0.404032 0.053808 0.859984 0.760864 0.576784 0.12744 0.357776 0.374768 0.441792 0.145376 0.727824 0.851488 0.182192 0.83072 0.378544 0.29736 0.197296 0.586224 0.13216 0.673072 0.1416 0.374768 0.26432 0.499376 0.299248 0.636256 0.541856 0.662688 0.680624 0.18408 0.168976 0.602272 0.26904 0.493712 0.327568 0.701392 0.539968 0.525808 0.706112 0.6844 0.241664 0.4484 0.516368 0.707056 0.30208 0.539968 0.537136 0.595664 0.5192 0.63248 0.272816 0.438016 0.341728 0.50976 0.578672 0.398368 0.350224 0.565456 0.380432 0.635312 0.504096 0.2832 0.435184 0.480496 0.402144 0.341728 0.371936 0.886158288 -0.137511536
0.39 0.31902 0.03354 0.6474 0.18408 0.46605 0.05148 0.05616 0.67782 0.13728 0.61698 0.33384 0.04446 0.71058 0.62868 0.47658 0.1053 0.29562 0.30966 0.36504 0.12012 0.60138 0.70356 0.15054 0.6864 0.31278 0.2457 0.16302 0.48438 0.1092 0.55614 0.117 0.30966 0.2184 0.41262 0.24726 0.52572 0.44772 0.54756 0.56238 0.1521 0.13962 0.49764 0.2223 0.40794 0.27066 0.57954 0.44616 0.43446 0.58344 0.5655 0.19968 0.3705 0.42666 0.58422 0.2496 0.44616 0.44382 0.49218 0.429 0.5226 0.22542 0.36192 0.28236 0.4212 0.47814 0.32916 0.28938 0.46722 0.31434 0.52494 0.41652 0.234 0.35958 0.39702 0.33228 0.28236 0.30732 0.7312188 -0.09683427
0.132 0.107976 0.011352 0.21912 0.062304 0.05148 0.140712 0.019008 0.229416 0.046464 0.208824 0.112992 0.015048 0.240504 0.212784 0.161304 0.03564 0.100056 0.104808 0.123552 0.040656 0.203544 0.238128 0.050952 0.23232 0.105864 0.08316 0.055176 0.163944 0.03696 0.188232 0.0396 0.104808 0.07392 0.139656 0.083688 0.177936 0.151536 0.185328 0.190344 0.05148 0.047256 0.168432 0.07524 0.138072 0.091608 0.196152 0.151008 0.147048 0.197472 0.1914 0.067584 0.1254 0.144408 0.197736 0.08448 0.151008 0.150216 0.166584 0.1452 0.17688 0.076296 0.122496 0.095568 0.14256 0.161832 0.111408 0.097944 0.158136 0.106392 0.177672 0.140976 0.0792 0.121704 0.134376 0.112464 0.095568 0.104016 0.248094264 -0.041102424
0.144 0.117792 0.012384 0.23904 0.067968 0.05616 0.019008 0.154368 0.250272 0.050688 0.227808 0.123264 0.016416 0.262368 0.232128 0.175968 0.03888 0.109152 0.114336 0.134784 0.044352 0.222048 0.259776 0.055584 0.25344 0.115488 0.09072 0.060192 0.178848 0.04032 0.205344 0.0432 0.114336 0.08064 0.152352 0.091296 0.194112 0.165312 0.202176 0.207648 0.05616 0.051552 0.183744 0.08208 0.150624 0.099936 0.213984 0.164736 0.160416 0.215424 0.2088 0.073728 0.1368 0.157536 0.215712 0.09216 0.164736 0.163872 0.181728 0.1584 0.19296 0.083232 0.133632 0.104256 0.15552 0.176544 0.121536 0.106848 0.172512 0.116064 0.193824 0.153792 0.0864 0.132768 0.146592 0.122688 0.104256 0.113472 0.270473184 -0.05321808
1.738 1.421684 0.149468 2.88508 0.820336 0.67782 0.229416 0.250272 3.248322 0.611776 2.749516 1.487728 0.198132 3.166636 2.801656 2.123836 0.46926 1.317404 1.379972 1.626768 0.535304 2.679996 3.135352 0.670868 3.05888 1.393876 1.09494 0.726484 2.158596 0.48664 2.478388 0.5214 1.379972 0.97328 1.838804 1.101892 2.342824 1.995224 2.440152 2.506196 0.67782 0.622204 2.217688 0.99066 1.817948 1.206172 2.582668 1.988272 1.936132 2.600048 2.5201 0.889856 1.6511 1.901372 2.603524 1.11232 1.988272 1.977844 2.193356 1.9118 2.32892 1.004564 1.612864 1.258312 1.87704 2.130788 1.466872 1.289596 2.082124 1.400828 2.339348 1.856184 1.0428 1.602436 1.769284 1.480776 1.258312 1.369544 3.19890197 -0.4715194
0.352 0.287936 0.030272 0.58432 0.166144 0.13728 0.046464 0.050688 0.611776 0.413952 0.556864 0.301312 0.040128 0.641344 0.567424 0.430144 0.09504 0.266816 0.279488 0.329472 0.108416 0.542784 0.635008 0.135872 0.61952 0.282304 0.22176 0.147136 0.437184 0.09856 0.501952 0.1056 0.279488 0.19712 0.372416 0.223168 0.474496 0.404096 0.494208 0.507584 0.13728 0.126016 0.449152 0.20064 0.368192 0.244288 0.523072 0.402688 0.392128 0.526592 0.5104 0.180224 0.3344 0.385088 0.527296 0.22528 0.402688 0.400576 0.444224 0.3872 0.47168 0.203456 0.326656 0.254848 0.38016 0.431552 0.297088 0.261184 0.421696 0.283712 0.473792 0.375936 0.2112 0.324544 0.358336 0.299904 0.254848 0.277376 0.658856 -0.091292608
1.582 1.294076 0.136052 2.62612 0.746704 0.61698 0.208824 0.227808 2.749516 0.556864 2.833362 1.354192 0.180348 2.882404 2.550184 1.933204 0.42714 1.199156 1.256108 1.480752 0.487256 2.439444 2.853928 0.610652 2.78432 1.268764 0.99666 0.661276 1.964844 0.44296 2.255932 0.4746 1.256108 0.88592 1.673756 1.002988 2.132536 1.816136 2.221128 2.281244 0.61698 0.566356 2.018632 0.90174 1.654772 1.097908 2.350852 1.809808 1.762348 2.366672 2.2939 0.809984 1.5029 1.730708 2.369836 1.01248 1.809808 1.800316 1.996484 1.7402 2.11988 0.914396 1.468096 1.145368 1.70856 1.939532 1.335208 1.173844 1.895236 1.275092 2.129372 1.689576 0.9492 1.458604 1.610476 1.347864 1.145368 1.246616 2.916334736 -0.433564502
0.856 0.700208 0.073616 1.42096 0.404032 0.33384 0.112992 0.123264 1.487728 0.301312 1.354192 1.222368 0.097584 1.559632 1.379872 1.046032 0.23112 0.648848 0.679664 0.801216 0.263648 1.319952 1.544224 0.330416 1.50656 0.686512 0.53928 0.357808 1.063152 0.23968 1.220656 0.2568 0.679664 0.47936 0.905648 0.542704 1.153888 0.982688 1.201824 1.234352 0.33384 0.306448 1.092256 0.48792 0.895376 0.594064 1.272016 0.979264 0.953584 1.280576 1.2412 0.438272 0.8132 0.936464 1.282288 0.54784 0.979264 0.974128 1.080272 0.9416 1.14704 0.494768 0.794368 0.619744 0.92448 1.049456 0.722464 0.635152 1.025488 0.689936 1.152176 0.914208 0.5136 0.789232 0.871408 0.729312 0.619744 0.674528 1.5900628 -0.22291096
0.114 0.093252 0.009804 0.18924 0.053808 0.04446 0.015048 0.016416 0.198132 0.040128 0.180348 0.097584 0.120498 0.207708 0.183768 0.139308 0.03078 0.086412 0.090516 0.106704 0.035112 0.175788 0.205656 0.044004 0.20064 0.091428 0.07182 0.047652 0.141588 0.03192 0.162564 0.0342 0.090516 0.06384 0.120612 0.072276 0.153672 0.130872 0.160056 0.164388 0.04446 0.040812 0.145464 0.06498 0.119244 0.079116 0.169404 0.130416 0.126996 0.170544 0.1653 0.058368 0.1083 0.124716 0.170772 0.07296 0.130416 0.129732 0.143868 0.1254 0.15276 0.065892 0.105792 0.082536 0.12312 0.139764 0.096216 0.084588 0.136572 0.091884 0.153444 0.121752 0.0684 0.105108 0.116052 0.097128 0.082536 0.089832 0.213237456 -0.03425472
1.822 1.490396 0.156692 3.02452 0.859984 0.71058 0.240504 0.262368 3.166636 0.641344 2.882404 1.559632 0.207708 3.481842 2.937064 2.226484 0.49194 1.381076 1.446668 1.705392 0.561176 2.809524 3.286888 0.703292 3.20672 1.461244 1.14786 0.761596 2.262924 0.51016 2.598172 0.5466 1.446668 1.02032 1.927676 1.155148 2.456056 2.091656 2.558088 2.627324 0.71058 0.652276 2.324872 1.03854 1.905812 1.264468 2.707492 2.084368 2.029708 2.725712 2.6419 0.932864 1.7309 1.993268 2.729356 1.16608 2.084368 2.073436 2.299364 2.0042 2.44148 1.053116 1.690816 1.319128 1.96776 2.233772 1.537768 1.351924 2.182756 1.468532 2.452412 1.945896 1.0932 1.679884 1.854796 1.552344 1.319128 1.435736 3.348768586 -0.495057442
1.612 1.318616 0.138632 2.67592 0.760864 0.62868 0.212784 0.232128 2.801656 0.567424 2.550184 1.379872 0.183768 2.937064 2.911272 1.969864 0.43524 1.221896 1.279928 1.508832 0.496496 2.485704 2.908048 0.622232 2.83712 1.292824 1.01556 0.673816 2.002104 0.45136 2.298712 0.4836 1.279928 0.90272 1.705496 1.022008 2.172976 1.850576 2.263248 2.324504 0.62868 0.577096 2.056912 0.91884 1.686152 1.118728 2.395432 1.844128 1.795768 2.411552 2.3374 0.825344 1.5314 1.763528 2.414776 1.03168 1.844128 1.834456 2.034344 1.7732 2.16008 0.931736 1.495936 1.167088 1.74096 1.976312 1.360528 1.196104 1.931176 1.299272 2.169752 1.721616 0.9672 1.486264 1.641016 1.373424 1.167088 1.270256 2.96843352 -0.43050072
1.222 0.999596 0.105092 2.02852 0.576784 0.47658 0.161304 0.175968 2.123836 0.430144 1.933204 1.046032 0.139308 2.226484 1.969864 1.968642 0.32994 0.926276 0.970268 1.143792 0.376376 1.884324 2.204488 0.471692 2.15072 0.980044 0.76986 0.510796 1.517724 0.34216 1.742572 0.3666 0.970268 0.68432 1.292876 0.774748 1.647256 1.402856 1.715688 1.762124 0.47658 0.437476 1.559272 0.69654 1.278212 0.848068 1.815892 1.397968 1.361308 1.828112 1.7719 0.625664 1.1609 1.336868 1.830556 0.78208 1.397968 1.390636 1.542164 1.3442 1.63748 0.706316 1.134016 0.884728 1.31976 1.498172 1.031368 0.906724 1.463956 0.984932 1.644812 1.305096 0.7332 1.126684 1.243996 1.041144 0.884728 0.962936 2.257178196 -0.340366104
0.27 0.22086 0.02322 0.4482 0.12744 0.1053 0.03564 0.03888 0.46926 0.09504 0.42714 0.23112 0.03078 0.49194 0.43524 0.32994 0.30645 0.20466 0.21438 0.25272 0.08316 0.41634 0.48708 0.10422 0.4752 0.21654 0.1701 0.11286 0.33534 0.0756 0.38502 0.081 0.21438 0.1512 0.28566 0.17118 0.36396 0.30996 0.37908 0.38934 0.1053 0.09666 0.34452 0.1539 0.28242 0.18738 0.40122 0.30888 0.30078 0.40392 0.3915 0.13824 0.2565 0.29538 0.40446 0.1728 0.30888 0.30726 0.34074 0.297 0.3618 0.15606 0.25056 0.19548 0.2916 0.33102 0.22788 0.20034 0.32346 0.21762 0.36342 0.28836 0.162 0.24894 0.27486 0.23004 0.19548 0.21276 0.5028345 -0.07504191
0.758 0.620044 0.065188 1.25828 0.357776 0.29562 0.100056 0.109152 1.317404 0.266816 1.199156 0.648848 0.086412 1.381076 1.221896 0.926276 0.20466 1.045282 0.601852 0.709488 0.233464 1.168836 1.367432 0.292588 1.33408 0.607916 0.47754 0.316844 0.941436 0.21224 1.080908 0.2274 0.601852 0.42448 0.801964 0.480572 1.021784 0.870184 1.064232 1.093036 0.29562 0.271364 0.967208 0.43206 0.792868 0.526052 1.126388 0.867152 0.844412 1.133968 1.0991 0.388096 0.7201 0.829252 1.135484 0.48512 0.867152 0.862604 0.956596 0.8338 1.01572 0.438124 0.703424 0.548792 0.81864 0.929308 0.639752 0.562436 0.908084 0.610948 1.020268 0.809544 0.4548 0.698876 0.771644 0.645816 0.548792 0.597304 1.405742836 -0.201107254
0.794 0.649492 0.068284 1.31804 0.374768 0.30966 0.104808 0.114336 1.379972 0.279488 1.256108 0.679664 0.090516 1.446668 1.279928 0.970268 0.21438 0.601852 1.109218 0.743184 0.244552 1.224348 1.432376 0.306484 1.39744 0.636788 0.50022 0.331892 0.986148 0.22232 1.132244 0.2382 0.630436 0.44464 0.840052 0.503396 1.070312 0.911512 1.114776 1.144948 0.30966 0.284252 1.013144 0.45258 0.830524 0.551036 1.179884 0.908336 0.884516 1.187824 1.1513 0.406528 0.7543 0.868636 1.189412 0.50816 0.908336 0.903572 1.002028 0.8734 1.06396 0.458932 0.736832 0.574856 0.85752 0.973444 0.670136 0.589148 0.951212 0.639964 1.068724 0.847992 0.4764 0.732068 0.808292 0.676488 0.574856 0.625672 1.471570222 -0.234669082
0.936 0.765648 0.080496 1.55376 0.441792 0.36504 0.123552 0.134784 1.626768 0.329472 1.480752 0.801216 0.106704 1.705392 1.508832 1.143792 0.25272 0.709488 0.743184 1.374048 0.288288 1.443312 1.688544 0.361296 1.64736 0.750672 0.58968 0.391248 1.162512 0.26208 1.334736 0.2808 0.743184 0.52416 0.990288 0.593424 1.261728 1.074528 1.314144 1.349712 0.36504 0.335088 1.194336 0.53352 0.979056 0.649584 1.390896 1.070784 1.042704 1.400256 1.3572 0.479232 0.8892 1.023984 1.402128 0.59904 1.070784 1.065168 1.181232 1.0296 1.25424 0.541008 0.868608 0.677664 1.01088 1.147536 0.789984 0.694512 1.121328 0.754416 1.259856 0.999648 0.5616 0.862992 0.952848 0.797472 0.677664 0.737568 1.732687632 -0.25422696
0.308 0.251944 0.026488 0.51128 0.145376 0.12012 0.040656 0.044352 0.535304 0.108416 0.487256 0.263648 0.035112 0.561176 0.496496 0.376376 0.08316 0.233464 0.244552 0.288288 0.355432 0.474936 0.555632 0.118888 0.54208 0.247016 0.19404 0.128744 0.382536 0.08624 0.439208 0.0924 0.244552 0.17248 0.325864 0.195272 0.415184 0.353584 0.432432 0.444136 0.12012 0.110264 0.393008 0.17556 0.322168 0.213752 0.457688 0.352352 0.343112 0.460768 0.4466 0.157696 0.2926 0.336952 0.461384 0.19712 0.352352 0.350504 0.388696 0.3388 0.41272 0.178024 0.285824 0.222992 0.33264 0.377608 0.259952 0.228536 0.368984 0.248248 0.414568 0.328944 0.1848 0.283976 0.313544 0.262416 0.222992 0.242704 0.5728954 -0.10273648
1.542 1.261356 0.132612 2.55972 0.727824 0.60138 0.203544 0.222048 2.679996 0.542784 2.439444 1.319952 0.175788 2.809524 2.485704 1.884324 0.41634 1.168836 1.224348 1.443312 0.474936 2.730882 2.781768 0.595212 2.71392 1.236684 0.97146 0.644556 1.915164 0.43176 2.198892 0.4626 1.224348 0.86352 1.631436 0.977628 2.078616 1.770216 2.164968 2.223564 0.60138 0.552036 1.967592 0.87894 1.612932 1.070148 2.291412 1.764048 1.717788 2.306832 2.2359 0.789504 1.4649 1.686948 2.309916 0.98688 1.764048 1.754796 1.946004 1.6962 2.06628 0.891276 1.430976 1.116408 1.66536 1.890492 1.301448 1.144164 1.847316 1.242852 2.075532 1.646856 0.9252 1.421724 1.569756 1.313784 1.116408 1.215096 2.83965468 -0.416019264
1.804 1.475672 0.155144 2.99464 0.851488 0.70356 0.238128 0.259776 3.135352 0.635008 2.853928 1.544224 0.205656 3.286888 2.908048 2.204488 0.48708 1.367432 1.432376 1.688544 0.555632 2.781768 3.431208 0.696344 3.17504 1.446808 1.13652 0.754072 2.240568 0.50512 2.572504 0.5412 1.432376 1.01024 1.908632 1.143736 2.431792 2.070992 2.532816 2.601368 0.70356 0.645832 2.301904 1.02828 1.886984 1.251976 2.680744 2.063776 2.009656 2.698784 2.6158 0.923648 1.7138 1.973576 2.702392 1.15456 2.063776 2.052952 2.276648 1.9844 2.41736 1.042712 1.674112 1.306096 1.94832 2.211704 1.522576 1.338568 2.161192 1.454024 2.428184 1.926672 1.0824 1.663288 1.836472 1.537008 1.306096 1.421552 3.31504844 -0.481043816
0.386 0.315748 0.033196 0.64076 0.182192 0.15054 0.050952 0.055584 0.670868 0.135872 0.610652 0.330416 0.044004 0.703292 0.622232 0.471692 0.10422 0.292588 0.306484 0.361296 0.118888 0.595212 0.696344 0.460498 0.67936 0.309572 0.24318 0.161348 0.479412 0.10808 0.550436 0.1158 0.306484 0.21616 0.408388 0.244724 0.520328 0.443128 0.541944 0.556612 0.15054 0.138188 0.492536 0.22002 0.403756 0.267884 0.573596 0.441584 0.430004 0.577456 0.5597 0.197632 0.3667 0.422284 0.578228 0.24704 0.441584 0.439268 0.487132 0.4246 0.51724 0.223108 0.358208 0.279464 0.41688 0.473236 0.325784 0.286412 0.462428 0.311116 0.519556 0.412248 0.2316 0.355892 0.392948 0.328872 0.279464 0.304168 0.717216178 -0.110462392
1.76 1.43968 0.15136 2.9216 0.83072 0.6864 0.23232 0.25344 3.05888 0.61952 2.78432 1.50656 0.20064 3.20672 2.83712 2.15072 0.4752 1.33408 1.39744 1.64736 0.54208 2.71392 3.17504 0.67936 3.3088 1.41152 1.1088 0.73568 2.18592 0.4928 2.50976 0.528 1.39744 0.9856 1.86208 1.11584 2.37248 2.02048 2.47104 2.53792 0.6864 0.63008 2.24576 1.0032 1.84096 1.22144 2.61536 2.01344 1.96064 2.63296 2.552 0.90112 1.672 1.92544 2.63648 1.1264 2.01344 2.00288 2.22112 1.936 2.3584 1.01728 1.63328 1.27424 1.9008 2.15776 1.48544 1.30592 2.10848 1.41856 2.36896 1.87968 1.056 1.62272 1.79168 1.49952 1.27424 1.38688 3.235144 -0.46502368
0.802 0.656036 0.068972 1.33132 0.378544 0.31278 0.105864 0.115488 1.393876 0.282304 1.268764 0.686512 0.091428 1.461244 1.292824 0.980044 0.21654 0.607916 0.636788 0.750672 0.247016 1.236684 1.446808 0.309572 1.41152 1.123602 0.50526 0.335236 0.996084 0.22456 1.143652 0.2406 0.636788 0.44912 0.848516 0.508468 1.081096 0.920696 1.126008 1.156484 0.31278 0.287116 1.023352 0.45714 0.838892 0.556588 1.191772 0.917488 0.893428 1.199792 1.1629 0.410624 0.7619 0.877388 1.201396 0.51328 0.917488 0.912676 1.012124 0.8822 1.07468 0.463556 0.744256 0.580648 0.86616 0.983252 0.676888 0.595084 0.960796 0.646412 1.079492 0.856536 0.4812 0.739444 0.816436 0.683304 0.580648 0.631976 1.483895688 -0.217192828
0.63 0.51534 0.05418 1.0458 0.29736 0.2457 0.08316 0.09072 1.09494 0.22176 0.99666 0.53928 0.07182 1.14786 1.01556 0.76986 0.1701 0.47754 0.50022 0.58968 0.19404 0.97146 1.13652 0.24318 1.1088 0.50526 0.82845 0.26334 0.78246 0.1764 0.89838 0.189 0.50022 0.3528 0.66654 0.39942 0.84924 0.72324 0.88452 0.90846 0.2457 0.22554 0.80388 0.3591 0.65898 0.43722 0.93618 0.72072 0.70182 0.94248 0.9135 0.32256 0.5985 0.68922 0.94374 0.4032 0.72072 0.71694 0.79506 0.693 0.8442 0.36414 0.58464 0.45612 0.6804 0.77238 0.53172 0.46746 0.75474 0.50778 0.84798 0.67284 0.378 0.58086 0.64134 0.53676 0.45612 0.49644 1.16663085 -0.17946054
0.418 0.341924 0.035948 0.69388 0.197296 0.16302 0.055176 0.060192 0.726484 0.147136 0.661276 0.357808 0.047652 0.761596 0.673816 0.510796 0.11286 0.316844 0.331892 0.391248 0.128744 0.644556 0.754072 0.161348 0.73568 0.335236 0.26334 0.505362 0.519156 0.11704 0.596068 0.1254 0.331892 0.23408 0.442244 0.265012 0.563464 0.479864 0.586872 0.602756 0.16302 0.149644 0.533368 0.23826 0.437228 0.290092 0.621148 0.478192 0.465652 0.625328 0.6061 0.214016 0.3971 0.457292 0.626164 0.26752 0.478192 0.475684 0.527516 0.4598 0.56012 0.241604 0.387904 0.302632 0.45144 0.512468 0.352792 0.310156 0.500764 0.336908 0.562628 0.446424 0.2508 0.385396 0.425524 0.356136 0.302632 0.329384 0.77515801 -0.118480846
1.242 1.015956 0.106812 2.06172 0.586224 0.48438 0.163944 0.178848 2.158596 0.437184 1.964844 1.063152 0.141588 2.262924 2.002104 1.517724 0.33534 0.941436 0.986148 1.162512 0.382536 1.915164 2.240568 0.479412 2.18592 0.996084 0.78246 0.519156 2.013282 0.34776 1.771092 0.3726 0.986148 0.69552 1.314036 0.787428 1.674216 1.425816 1.743768 1.790964 0.48438 0.444636 1.584792 0.70794 1.299132 0.861948 1.845612 1.420848 1.383588 1.858032 1.8009 0.635904 1.1799 1.358748 1.860516 0.79488 1.420848 1.413396 1.567404 1.3662 1.66428 0.717876 1.152576 0.899208 1.34136 1.522692 1.048248 0.921564 1.487916 1.001052 1.671732 1.326456 0.7452 1.145124 1.264356 1.058184 0.899208 0.978696 2.29042809 -0.33478731
0.28 0.22904 0.02408 0.4648 0.13216 0.1092 0.03696 0.04032 0.48664 0.09856 0.44296 0.23968 0.03192 0.51016 0.45136 0.34216 0.0756 0.21224 0.22232 0.26208 0.08624 0.43176 0.50512 0.10808 0.4928 0.22456 0.1764 0.11704 0.34776 0.3192 0.39928 0.084 0.22232 0.1568 0.29624 0.17752 0.37744 0.32144 0.39312 0.40376 0.1092 0.10024 0.35728 0.1596 0.29288 0.19432 0.41608 0.32032 0.31192 0.41888 0.406 0.14336 0.266 0.30632 0.41944 0.1792 0.32032 0.31864 0.35336 0.308 0.3752 0.16184 0.25984 0.20272 0.3024 0.34328 0.23632 0.20776 0.33544 0.22568 0.37688 0.29904 0.168 0.25816 0.28504 0.23856 0.20272 0.22064 0.5194868 -0.07443464
1.426 1.166468 0.122636 2.36716 0.673072 0.55614 0.188232 0.205344 2.478388 0.501952 2.255932 1.220656 0.162564 2.598172 2.298712 1.742572 0.38502 1.080908 1.132244 1.334736 0.439208 2.198892 2.572504 0.550436 2.50976 1.143652 0.89838 0.596068 1.771092 0.39928 2.442738 0.4278 1.132244 0.79856 1.508708 0.904084 1.922248 1.637048 2.002104 2.056292 0.55614 0.510508 1.819576 0.81282 1.491596 0.989644 2.119036 1.631344 1.588564 2.133296 2.0677 0.730112 1.3547 1.560044 2.136148 0.91264 1.631344 1.622788 1.799612 1.5686 1.91084 0.824228 1.323328 1.032424 1.54008 1.748276 1.203544 1.058092 1.708348 1.149356 1.919396 1.522968 0.8556 1.314772 1.451668 1.214952 1.032424 1.123688 2.626061708 -0.378262186
0.3 0.2454 0.0258 0.498 0.1416 0.117 0.0396 0.0432 0.5214 0.1056 0.4746 0.2568 0.0342 0.5466 0.4836 0.3666 0.081 0.2274 0.2382 0.2808 0.0924 0.4626 0.5412 0.1158 0.528 0.2406 0.189 0.1254 0.3726 0.084 0.4278 0.345 0.2382 0.168 0.3174 0.1902 0.4044 0.3444 0.4212 0.4326 0.117 0.1074 0.3828 0.171 0.3138 0.2082 0.4458 0.3432 0.3342 0.4488 0.435 0.1536 0.285 0.3282 0.4494 0.192 0.3432 0.3414 0.3786 0.33 0.402 0.1734 0.2784 0.2172 0.324 0.3678 0.2532 0.2226 0.3594 0.2418 0.4038 0.3204 0.18 0.2766 0.3054 0.2556 0.2172 0.2364 0.556521 -0.0710904
0.794 0.649492 0.068284 1.31804 0.374768 0.30966 0.104808 0.114336 1.379972 0.279488 1.256108 0.679664 0.090516 1.446668 1.279928 0.970268 0.21438 0.601852 0.630436 0.743184 0.244552 1.224348 1.432376 0.306484 1.39744 0.636788 0.50022 0.331892 0.986148 0.22232 1.132244 0.2382 1.109218 0.44464 0.840052 0.503396 1.070312 0.911512 1.114776 1.144948 0.30966 0.284252 1.013144 0.45258 0.830524 0.551036 1.179884 0.908336 0.884516 1.187824 1.1513 0.406528 0.7543 0.868636 1.189412 0.50816 0.908336 0.903572 1.002028 0.8734 1.06396 0.458932 0.736832 0.574856 0.85752 0.973444 0.670136 0.589148 0.951212 0.639964 1.068724 0.847992 0.4764 0.732068 0.808292 0.676488 0.574856 0.625672 1.467739966 -0.215996584
0.56 0.45808 0.04816 0.9296 0.26432 0.2184 0.07392 0.08064 0.97328 0.19712 0.88592 0.47936 0.06384 1.02032 0.90272 0.68432 0.1512 0.42448 0.44464 0.52416 0.17248 0.86352 1.01024 0.21616 0.9856 0.44912 0.3528 0.23408 0.69552 0.1568 0.79856 0.168 0.44464 0.7168 0.59248 0.35504 0.75488 0.64288 0.78624 0.80752 0.2184 0.20048 0.71456 0.3192 0.58576 0.38864 0.83216 0.64064 0.62384 0.83776 0.812 0.28672 0.532 0.61264 0.83888 0.3584 0.64064 0.63728 0.70672 0.616 0.7504 0.32368 0.51968 0.40544 0.6048 0.68656 0.47264 0.41552 0.67088 0.45136 0.75376 0.59808 0.336 0.51632 0.57008 0.47712 0.40544 0.44128 1.0366888 -0.15031408
1.058 0.865444 0.090988 1.75628 0.499376 0.41262 0.139656 0.152352 1.838804 0.372416 1.673756 0.905648 0.120612 1.927676 1.705496 1.292876 0.28566 0.801964 0.840052 0.990288 0.325864 1.631436 1.908632 0.408388 1.86208 0.848516 0.66654 0.442244 1.314036 0.29624 1.508708 0.3174 0.840052 0.59248 1.617682 0.670772 1.426184 1.214584 1.485432 1.525636 0.41262 0.378764 1.350008 0.60306 1.106668 0.734252 1.572188 1.210352 1.178612 1.582768 1.5341 0.541696 1.0051 1.157452 1.584884 0.67712 1.210352 1.204004 1.335196 1.1638 1.41772 0.611524 0.981824 0.765992 1.14264 1.297108 0.892952 0.785036 1.267484 0.852748 1.424068 1.129944 0.6348 0.975476 1.077044 0.901416 0.765992 0.833704 1.952542174 -0.2799997
0.634 0.518612 0.054524 1.05244 0.299248 0.24726 0.083688 0.091296 1.101892 0.223168 1.002988 0.542704 0.072276 1.155148 1.022008 0.774748 0.17118 0.480572 0.503396 0.593424 0.195272 0.977628 1.143736 0.244724 1.11584 0.508468 0.39942 0.265012 0.787428 0.17752 0.904084 0.1902 0.503396 0.35504 0.670772 0.834978 0.854632 0.727832 0.890136 0.914228 0.24726 0.226972 0.808984 0.36138 0.663164 0.439996 0.942124 0.725296 0.706276 0.948464 0.9193 0.324608 0.6023 0.693596 0.949732 0.40576 0.725296 0.721492 0.800108 0.6974 0.84956 0.366452 0.588352 0.459016 0.68472 0.777284 0.535096 0.470428 0.759532 0.511004 0.853364 0.677112 0.3804 0.584548 0.645412 0.540168 0.459016 0.499592 1.173140286 -0.15675333
1.348 1.102664 0.115928 2.23768 0.636256 0.52572 0.177936 0.194112 2.342824 0.474496 2.132536 1.153888 0.153672 2.456056 2.172976 1.647256 0.36396 1.021784 1.070312 1.261728 0.415184 2.078616 2.431792 0.520328 2.37248 1.081096 0.84924 0.563464 1.674216 0.37744 1.922248 0.4044 1.070312 0.75488 1.426184 0.854632 2.256552 1.547504 1.892592 1.943816 0.52572 0.482584 1.720048 0.76836 1.410008 0.935512 2.003128 1.542112 1.501672 2.016608 1.9546 0.690176 1.2806 1.474712 2.019304 0.86272 1.542112 1.534024 1.701176 1.4828 1.80632 0.779144 1.250944 0.975952 1.45584 1.652648 1.137712 1.000216 1.614904 1.086488 1.814408 1.439664 0.8088 1.242856 1.372264 1.148496 0.975952 1.062224 2.482803016 -0.371055872
1.148 0.939064 0.098728 1.90568 0.541856 0.44772 0.151536 0.165312 1.995224 0.404096 1.816136 0.982688 0.130872 2.091656 1.850576 1.402856 0.30996 0.870184 0.911512 1.074528 0.353584 1.770216 2.070992 0.443128 2.02048 0.920696 0.72324 0.479864 1.425816 0.32144 1.637048 0.3444 0.911512 0.64288 1.214584 0.727832 1.547504 1.806952 1.611792 1.655416 0.44772 0.410984 1.464848 0.65436 1.200808 0.796712 1.705928 1.313312 1.278872 1.717408 1.6646 0.587776 1.0906 1.255912 1.719704 0.73472 1.313312 1.306424 1.448776 1.2628 1.53832 0.663544 1.065344 0.831152 1.23984 1.407448 0.968912 0.851816 1.375304 0.925288 1.545208 1.226064 0.6888 1.058456 1.168664 0.978096 0.831152 0.904624 2.116960216 -0.315968632
1.404 1.148472 0.120744 2.33064 0.662688 0.54756 0.185328 0.202176 2.440152 0.494208 2.221128 1.201824 0.160056 2.558088 2.263248 1.715688 0.37908 1.064232 1.114776 1.314144 0.432432 2.164968 2.532816 0.541944 2.47104 1.126008 0.88452 0.586872 1.743768 0.39312 2.002104 0.4212 1.114776 0.78624 1.485432 0.890136 1.892592 1.611792 2.389608 2.024568 0.54756 0.502632 1.791504 0.80028 1.468584 0.974376 2.086344 1.606176 1.564056 2.100384 2.0358 0.718848 1.3338 1.535976 2.103192 0.89856 1.606176 1.597752 1.771848 1.5444 1.88136 0.811512 1.302912 1.016496 1.51632 1.721304 1.184976 1.041768 1.681992 1.131624 1.889784 1.499472 0.8424 1.294488 1.429272 1.196208 1.016496 1.106352 2.585081304 -0.37434852
1.442 1.179556 0.124012 2.39372 0.680624 0.56238 0.190344 0.207648 2.506196 0.507584 2.281244 1.234352 0.164388 2.627324 2.324504 1.762124 0.38934 1.093036 1.144948 1.349712 0.444136 2.223564 2.601368 0.556612 2.53792 1.156484 0.90846 0.602756 1.790964 0.40376 2.056292 0.4326 1.144948 0.80752 1.525636 0.914228 1.943816 1.655416 2.024568 2.481682 0.56238 0.516236 1.839992 0.82194 1.508332 1.000748 2.142812 1.649648 1.606388 2.157232 2.0909 0.738304 1.3699 1.577548 2.160116 0.92288 1.649648 1.640996 1.819804 1.5862 1.93228 0.833476 1.338176 1.044008 1.55736 1.767892 1.217048 1.069964 1.727516 1.162252 1.940932 1.540056 0.8652 1.329524 1.467956 1.228584 1.044008 1.136296 2.654042818 -0.39228889
0.39 0.31902 0.03354 0.6474 0.18408 0.1521 0.05148 0.05616 0.67782 0.13728 0.61698 0.33384 0.04446 0.71058 0.62868 0.47658 0.1053 0.29562 0.30966 0.36504 0.12012 0.60138 0.70356 0.15054 0.6864 0.31278 0.2457 0.16302 0.48438 0.1092 0.55614 0.117 0.30966 0.2184 0.41262 0.24726 0.52572 0.44772 0.54756 0.56238 0.46605 0.13962 0.49764 0.2223 0.40794 0.27066 0.57954 0.44616 0.43446 0.58344 0.5655 0.19968 0.3705 0.42666 0.58422 0.2496 0.44616 0.44382 0.49218 0.429 0.5226 0.22542 0.36192 0.28236 0.4212 0.47814 0.32916 0.28938 0.46722 0.31434 0.52494 0.41652 0.234 0.35958 0.39702 0.33228 0.28236 0.30732 0.72211425 -0.10656672
0.358 0.292844 0.030788 0.59428 0.168976 0.13962 0.047256 0.051552 0.622204 0.126016 0.566356 0.306448 0.040812 0.652276 0.577096 0.437476 0.09666 0.271364 0.284252 0.335088 0.110264 0.552036 0.645832 0.138188 0.63008 0.287116 0.22554 0.149644 0.444636 0.10024 0.510508 0.1074 0.284252 0.20048 0.378764 0.226972 0.482584 0.410984 0.502632 0.516236 0.13962 0.422082 0.456808 0.20406 0.374468 0.248452 0.531988 0.409552 0.398812 0.535568 0.5191 0.183296 0.3401 0.391652 0.536284 0.22912 0.409552 0.407404 0.451796 0.3938 0.47972 0.206924 0.332224 0.259192 0.38664 0.438908 0.302152 0.265636 0.428884 0.288548 0.481868 0.382344 0.2148 0.330076 0.364444 0.305016 0.259192 0.282104 0.662984138 -0.097563234
1.276 1.043768 0.109736 2.11816 0.602272 0.49764 0.168432 0.183744 2.217688 0.449152 2.018632 1.092256 0.145464 2.324872 2.056912 1.559272 0.34452 0.967208 1.013144 1.194336 0.393008 1.967592 2.301904 0.492536 2.24576 1.023352 0.80388 0.533368 1.584792 0.35728 1.819576 0.3828 1.013144 0.71456 1.350008 0.808984 1.720048 1.464848 1.791504 1.839992 0.49764 0.456808 2.090088 0.72732 1.334696 0.885544 1.896136 1.459744 1.421464 1.908896 1.8502 0.653312 1.2122 1.395944 1.911448 0.81664 1.459744 1.452088 1.610312 1.4036 1.70984 0.737528 1.184128 0.923824 1.37808 1.564376 1.076944 0.946792 1.528648 1.028456 1.717496 1.362768 0.7656 1.176472 1.298968 1.087152 0.923824 1.005488 2.350739072 -0.344810928
0.57 0.46626 0.04902 0.9462 0.26904 0.2223 0.07524 0.08208 0.99066 0.20064 0.90174 0.48792 0.06498 1.03854 0.91884 0.69654 0.1539 0.43206 0.45258 0.53352 0.17556 0.87894 1.02828 0.22002 1.0032 0.45714 0.3591 0.23826 0.70794 0.1596 0.81282 0.171 0.45258 0.3192 0.60306 0.36138 0.76836 0.65436 0.80028 0.82194 0.2223 0.20406 0.72732 0.73245 0.59622 0.39558 0.84702 0.65208 0.63498 0.85272 0.8265 0.29184 0.5415 0.62358 0.85386 0.3648 0.65208 0.64866 0.71934 0.627 0.7638 0.32946 0.52896 0.41268 0.6156 0.69882 0.48108 0.42294 0.68286 0.45942 0.76722 0.60876 0.342 0.52554 0.58026 0.48564 0.41268 0.44916 1.05432045 -0.14851521
1.046 0.855628 0.089956 1.73636 0.493712 0.40794 0.138072 0.150624 1.817948 0.368192 1.654772 0.895376 0.119244 1.905812 1.686152 1.278212 0.28242 0.792868 0.830524 0.979056 0.322168 1.612932 1.886984 0.403756 1.84096 0.838892 0.65898 0.437228 1.299132 0.29288 1.491596 0.3138 0.830524 0.58576 1.106668 0.663164 1.410008 1.200808 1.468584 1.508332 0.40794 0.374468 1.334696 0.59622 1.593058 0.725924 1.554356 1.196624 1.165244 1.564816 1.5167 0.535552 0.9937 1.144324 1.566908 0.66944 1.196624 1.190348 1.320052 1.1506 1.40164 0.604588 0.970688 0.757304 1.12968 1.282396 0.882824 0.776132 1.253108 0.843076 1.407916 1.117128 0.6276 0.964412 1.064828 0.891192 0.757304 0.824248 1.929542602 -0.27378004
0.694 0.567692 0.059684 1.15204 0.327568 0.27066 0.091608 0.099936 1.206172 0.244288 1.097908 0.594064 0.079116 1.264468 1.118728 0.848068 0.18738 0.526052 0.551036 0.649584 0.213752 1.070148 1.251976 0.267884 1.22144 0.556588 0.43722 0.290092 0.861948 0.19432 0.989644 0.2082 0.551036 0.38864 0.734252 0.439996 0.935512 0.796712 0.974376 1.000748 0.27066 0.248452 0.885544 0.39558 0.725924 0.934818 1.031284 0.793936 0.773116 1.038224 1.0063 0.355328 0.6593 0.759236 1.039612 0.44416 0.793936 0.789772 0.875828 0.7634 0.92996 0.401132 0.644032 0.502456 0.74952 0.850844 0.585736 0.514948 0.831412 0.559364 0.934124 0.741192 0.4164 0.639868 0.706492 0.591288 0.502456 0.546872 1.28232462 -0.196705278
1.486 1.215548 0.127796 2.46676 0.701392 0.57954 0.196152 0.213984 2.582668 0.523072 2.350852 1.272016 0.169404 2.707492 2.395432 1.815892 0.40122 1.126388 1.179884 1.390896 0.457688 2.291412 2.680744 0.573596 2.61536 1.191772 0.93618 0.621148 1.845612 0.41608 2.119036 0.4458 1.179884 0.83216 1.572188 0.942124 2.003128 1.705928 2.086344 2.142812 0.57954 0.531988 1.896136 0.84702 1.554356 1.031284 2.590098 1.699984 1.655404 2.223056 2.1547 0.760832 1.4117 1.625684 2.226028 0.95104 1.699984 1.691068 1.875332 1.6346 1.99124 0.858908 1.379008 1.075864 1.60488 1.821836 1.254184 1.102612 1.780228 1.197716 2.000156 1.587048 0.8916 1.370092 1.512748 1.266072 1.075864 1.170968 2.73395766 -0.402306266
1.144 0.935792 0.098384 1.89904 0.539968 0.44616 0.151008 0.164736 1.988272 0.402688 1.809808 0.979264 0.130416 2.084368 1.844128 1.397968 0.30888 0.867152 0.908336 1.070784 0.352352 1.764048 2.063776 0.441584 2.01344 0.917488 0.72072 0.478192 1.420848 0.32032 1.631344 0.3432 0.908336 0.64064 1.210352 0.725296 1.542112 1.313312 1.606176 1.649648 0.44616 0.409552 1.459744 0.65208 1.196624 0.793936 1.699984 1.798368 1.274416 1.711424 1.6588 0.585728 1.0868 1.251536 1.713712 0.73216 1.308736 1.301872 1.443728 1.2584 1.53296 0.661232 1.061632 0.828256 1.23552 1.402544 0.965536 0.848848 1.370512 0.922064 1.539824 1.221792 0.6864 1.054768 1.164592 0.974688 0.828256 0.901472 2.10865512 -0.307559824
1.114 0.911252 0.095804 1.84924 0.525808 0.43446 0.147048 0.160416 1.936132 0.392128 1.762348 0.953584 0.126996 2.029708 1.795768 1.361308 0.30078 0.844412 0.884516 1.042704 0.343112 1.717788 2.009656 0.430004 1.96064 0.893428 0.70182 0.465652 1.383588 0.31192 1.588564 0.3342 0.884516 0.62384 1.178612 0.706276 1.501672 1.278872 1.564056 1.606388 0.43446 0.398812 1.421464 0.63498 1.165244 0.773116 1.655404 1.274416 1.734498 1.666544 1.6153 0.570368 1.0583 1.218716 1.668772 0.71296 1.274416 1.267732 1.405868 1.2254 1.49276 0.643892 1.033792 0.806536 1.20312 1.365764 0.940216 0.826588 1.334572 0.897884 1.499444 1.189752 0.6684 1.027108 1.134052 0.949128 0.806536 0.877832 2.05369242 -0.294576134
1.496 1.223728 0.128656 2.48336 0.706112 0.58344 0.197472 0.215424 2.600048 0.526592 2.366672 1.280576 0.170544 2.725712 2.411552 1.828112 0.40392 1.133968 1.187824 1.400256 0.460768 2.306832 2.698784 0.577456 2.63296 1.199792 0.94248 0.625328 1.858032 0.41888 2.133296 0.4488 1.187824 0.83776 1.582768 0.948464 2.016608 1.717408 2.100384 2.157232 0.58344 0.535568 1.908896 0.85272 1.564816 1.038224 2.223056 1.711424 1.666544 2.615008 2.1692 0.765952 1.4212 1.636624 2.241008 0.95744 1.711424 1.702448 1.887952 1.6456 2.00464 0.864688 1.388288 1.083104 1.61568 1.834096 1.262624 1.110032 1.792208 1.205776 2.013616 1.597728 0.8976 1.379312 1.522928 1.274592 1.083104 1.178848 2.75220616 -0.391751536
1.45 1.1861 0.1247 2.407 0.6844 0.5655 0.1914 0.2088 2.5201 0.5104 2.2939 1.2412 0.1653 2.6419 2.3374 1.7719 0.3915 1.0991 1.1513 1.3572 0.4466 2.2359 2.6158 0.5597 2.552 1.1629 0.9135 0.6061 1.8009 0.406 2.0677 0.435 1.1513 0.812 1.5341 0.9193 1.9546 1.6646 2.0358 2.0909 0.5655 0.5191 1.8502 0.8265 1.5167 1.0063 2.1547 1.6588 1.6153 2.1692 2.50125 0.7424 1.3775 1.5863 2.1721 0.928 1.6588 1.6501 1.8299 1.595 1.943 0.8381 1.3456 1.0498 1.566 1.7777 1.2238 1.0759 1.7371 1.1687 1.9517 1.5486 0.87 1.3369 1.4761 1.2354 1.0498 1.1426 2.66784775 -0.3971811
0.512 0.418816 0.044032 0.84992 0.241664 0.19968 0.067584 0.073728 0.889856 0.180224 0.809984 0.438272 0.058368 0.932864 0.825344 0.625664 0.13824 0.388096 0.406528 0.479232 0.157696 0.789504 0.923648 0.197632 0.90112 0.410624 0.32256 0.214016 0.635904 0.14336 0.730112 0.1536 0.406528 0.28672 0.541696 0.324608 0.690176 0.587776 0.718848 0.738304 0.19968 0.183296 0.653312 0.29184 0.535552 0.355328 0.760832 0.585728 0.570368 0.765952 0.7424 0.643072 0.4864 0.560128 0.766976 0.32768 0.585728 0.582656 0.646144 0.5632 0.68608 0.295936 0.475136 0.370688 0.55296 0.627712 0.432128 0.379904 0.613376 0.412672 0.689152 0.546816 0.3072 0.472064 0.521216 0.436224 0.370688 0.403456 0.946588672 -0.132477952
0.95 0.7771 0.0817 1.577 0.4484 0.3705 0.1254 0.1368 1.6511 0.3344 1.5029 0.8132 0.1083 1.7309 1.5314 1.1609 0.2565 0.7201 0.7543 0.8892 0.2926 1.4649 1.7138 0.3667 1.672 0.7619 0.5985 0.3971 1.1799 0.266 1.3547 0.285 0.7543 0.532 1.0051 0.6023 1.2806 1.0906 1.3338 1.3699 0.3705 0.3401 1.2122 0.5415 0.9937 0.6593 1.4117 1.0868 1.0583 1.4212 1.3775 0.4864 1.40125 1.0393 1.4231 0.608 1.0868 1.0811 1.1989 1.045 1.273 0.5491 0.8816 0.6878 1.026 1.1647 0.8018 0.7049 1.1381 0.7657 1.2787 1.0146 0.57 0.8759 0.9671 0.8094 0.6878 0.7486 1.75241275 -0.24651835
1.094 0.894892 0.094084 1.81604 0.516368 0.42666 0.144408 0.157536 1.901372 0.385088 1.730708 0.936464 0.124716 1.993268 1.763528 1.336868 0.29538 0.829252 0.868636 1.023984 0.336952 1.686948 1.973576 0.422284 1.92544 0.877388 0.68922 0.457292 1.358748 0.30632 1.560044 0.3282 0.868636 0.61264 1.157452 0.693596 1.474712 1.255912 1.535976 1.577548 0.42666 0.391652 1.395944 0.62358 1.144324 0.759236 1.625684 1.251536 1.218716 1.636624 1.5863 0.560128 1.0393 1.692418 1.638812 0.70016 1.251536 1.244972 1.380628 1.2034 1.46596 0.632332 1.015232 0.792056 1.18152 1.341244 0.923336 0.811748 1.310612 0.881764 1.472524 1.168392 0.6564 1.008668 1.113692 0.932088 0.792056 0.862072 2.016049456 -0.309012334
1.498 1.225364 0.128828 2.48668 0.707056 0.58422 0.197736 0.215712 2.603524 0.527296 2.369836 1.282288 0.170772 2.729356 2.414776 1.830556 0.40446 1.135484 1.189412 1.402128 0.461384 2.309916 2.702392 0.578228 2.63648 1.201396 0.94374 0.626164 1.860516 0.41944 2.136148 0.4494 1.189412 0.83888 1.584884 0.949732 2.019304 1.719704 2.103192 2.160116 0.58422 0.536284 1.911448 0.85386 1.566908 1.039612 2.226028 1.713712 1.668772 2.241008 2.1721 0.766976 1.4231 1.638812 2.620002 0.95872 1.713712 1.704724 1.890476 1.6478 2.00732 0.865844 1.390144 1.084552 1.61784 1.836548 1.264312 1.111516 1.794604 1.207388 2.016308 1.599864 0.8988 1.381156 1.524964 1.276296 1.084552 1.180424 2.755103624 -0.410738118
0.64 0.52352 0.05504 1.0624 0.30208 0.2496 0.08448 0.09216 1.11232 0.22528 1.01248 0.54784 0.07296 1.16608 1.03168 0.78208 0.1728 0.48512 0.50816 0.59904 0.19712 0.98688 1.15456 0.24704 1.1264 0.51328 0.4032 0.26752 0.79488 0.1792 0.91264 0.192 0.50816 0.3584 0.67712 0.40576 0.86272 0.73472 0.89856 0.92288 0.2496 0.22912 0.81664 0.3648 0.66944 0.44416 0.95104 0.73216 0.71296 0.95744 0.928 0.32768 0.608 0.70016 0.95872 0.8448 0.73216 0.72832 0.80768 0.704 0.8576 0.36992 0.59392 0.46336 0.6912 0.78464 0.54016 0.47488 0.76672 0.51584 0.86144 0.68352 0.384 0.59008 0.65152 0.54528 0.46336 0.50432 1.1820224 -0.18049152
1.144 0.935792 0.098384 1.89904 0.539968 0.44616 0.151008 0.164736 1.988272 0.402688 1.809808 0.979264 0.130416 2.084368 1.844128 1.397968 0.30888 0.867152 0.908336 1.070784 0.352352 1.764048 2.063776 0.441584 2.01344 0.917488 0.72072 0.478192 1.420848 0.32032 1.631344 0.3432 0.908336 0.64064 1.210352 0.725296 1.542112 1.313312 1.606176 1.649648 0.44616 0.409552 1.459744 0.65208 1.196624 0.793936 1.699984 1.308736 1.274416 1.711424 1.6588 0.585728 1.0868 1.251536 1.713712 0.73216 1.798368 1.301872 1.443728 1.2584 1.53296 0.661232 1.061632 0.828256 1.23552 1.402544 0.965536 0.848848 1.370512 0.922064 1.539824 1.221792 0.6864 1.054768 1.164592 0.974688 0.828256 0.901472 2.107675856 -0.312945776
1.138 0.930884 0.097868 1.88908 0.537136 0.44382 0.150216 0.163872 1.977844 0.400576 1.800316 0.974128 0.129732 2.073436 1.834456 1.390636 0.30726 0.862604 0.903572 1.065168 0.350504 1.754796 2.052952 0.439268 2.00288 0.912676 0.71694 0.475684 1.413396 0.31864 1.622788 0.3414 0.903572 0.63728 1.204004 0.721492 1.534024 1.306424 1.597752 1.640996 0.44382 0.407404 1.452088 0.64866 1.190348 0.789772 1.691068 1.301872 1.267732 1.702448 1.6501 0.582656 1.0811 1.244972 1.704724 0.72832 1.301872 1.785522 1.436156 1.2518 1.52492 0.657764 1.056064 0.823912 1.22904 1.395188 0.960472 0.844396 1.363324 0.917228 1.531748 1.215384 0.6828 1.049236 1.158484 0.969576 0.823912 0.896744 2.096683064 -0.307421596
1.262 1.032316 0.108532 2.09492 0.595664 0.49218 0.166584 0.181728 2.193356 0.444224 1.996484 1.080272 0.143868 2.299364 2.034344 1.542164 0.34074 0.956596 1.002028 1.181232 0.388696 1.946004 2.276648 0.487132 2.22112 1.012124 0.79506 0.527516 1.567404 0.35336 1.799612 0.3786 1.002028 0.70672 1.335196 0.800108 1.701176 1.448776 1.771848 1.819804 0.49218 0.451796 1.610312 0.71934 1.320052 0.875828 1.875332 1.443728 1.405868 1.887952 1.8299 0.646144 1.1989 1.380628 1.890476 0.80768 1.443728 1.436156 2.058322 1.3882 1.69108 0.729436 1.171136 0.913688 1.36296 1.547212 1.065128 0.936404 1.511876 1.017172 1.698652 1.347816 0.7572 1.163564 1.284716 1.075224 0.913688 0.994456 2.323735744 -0.340606228
