1 1.22 0.48 1 1.42 1.4 0.54 1.48 -0.3411 0.05406
1.22 1.9642 0.5856 1.22 1.7324 1.708 0.6588 1.8056 -0.4503996 0.0678564
0.48 0.5856 0.5952 0.48 0.6816 0.672 0.2592 0.7104 -0.1848864 0.034704
1 1.22 0.48 1.5 1.42 1.4 0.54 1.48 -0.3636 0.05456
1.42 1.7324 0.6816 1.42 2.4282 1.988 0.7668 2.1016 -0.504952 0.0808832
1.4 1.708 0.672 1.4 1.988 2.38 0.756 2.072 -0.48762 0.078624
0.54 0.6588 0.2592 0.54 0.7668 0.756 0.6858 0.7992 -0.1995678 0.0319518
1.48 1.8056 0.7104 1.48 2.1016 2.072 0.7992 2.5752 -0.5190656 0.0823176
-0.3411 -0.4503996 -0.1848864 -0.3636 -0.504952 -0.48762 -0.1995678 -0.5190656 1.03658370925714 -0.0228938009764046
0.05406 0.0678564 0.034704 0.05456 0.0808832 0.078624 0.0319518 0.0823176 -0.0228938009764046 0.350213028028571
