1 1.22 1.78 1.26 0.58 0.56 1.62 0.66 0.9 0.3508 0.38124
1.22 1.9642 2.1716 1.5372 0.7076 0.6832 1.9764 0.8052 1.098 0.44225 0.3632916
1.78 2.1716 3.3642 2.2428 1.0324 0.9968 2.8836 1.1748 1.602 0.630298 0.7183546
1.26 1.5372 2.2428 2.0538 0.7308 0.7056 2.0412 0.8316 1.134 0.465318 0.4878216
0.58 0.7076 1.0324 0.7308 0.7482 0.3248 0.9396 0.3828 0.522 0.228172 0.2186484
0.56 0.6832 0.9968 0.7056 0.3248 0.7168 0.9072 0.3696 0.504 0.216608 0.2195424
1.62 1.9764 2.8836 2.0412 0.9396 0.9072 2.9322 1.0692 1.458 0.57753 0.6813234
0.66 0.8052 1.1748 0.8316 0.3828 0.3696 1.0692 0.8778 0.594 0.271326 0.2852256
0.9 1.098 1.602 1.134 0.522 0.504 1.458 0.594 1.305 0.33057 0.271836
0.3508 0.44225 0.630298 0.465318 0.228172 0.216608 0.57753 0.271326 0.33057 2.0107472 0.983197944
0.38124 0.3632916 0.7183546 0.4878216 0.2186484 0.2195424 0.6813234 0.2852256 0.271836 0.983197944 64.66239513395
